1 0.000000 108.810000
2 0.000000 109.080000
3 0.000000 109.070000
4 0.000000 108.830000
5 0.000000 108.710000
6 0.000000 109.440000
7 0.000000 109.400000
8 0.000000 108.170000
9 0.000000 107.860000
10 0.000000 108.110000
11 0.000000 108.350000
12 0.000000 108.820000
13 0.000000 108.810000
14 0.000000 109.200000
15 0.000000 109.380000
16 0.000000 108.750000
17 0.000000 109.220000
18 0.000000 108.490000
19 0.000000 109.410000
20 0.000000 109.200000
21 0.000000 110.200000
22 0.000000 108.990000
23 0.000000 108.120000
24 0.000000 108.150000
25 0.000000 107.680000
26 0.000000 107.680000
27 0.000000 108.900000
28 0.000000 107.980000
29 0.000000 108.160000
30 0.000000 107.830000
31 0.000000 107.990000
32 0.000000 108.020000
33 0.000000 107.820000
34 0.000000 108.810000
35 0.000000 108.790000
36 0.000000 109.080000
37 0.000000 109.270000
38 0.000000 109.080000
39 0.000000 109.080000
40 0.000000 109.090000
41 0.000000 109.090000
42 0.000000 108.360000
43 0.000000 108.300000
44 0.000000 107.670000
45 0.000000 107.540000
46 0.000000 107.720000
47 0.000000 108.130000
48 0.000000 109.410000
49 0.000000 109.450000
50 0.000000 108.970000
51 0.000000 108.160000
52 0.000000 107.830000
53 0.000000 108.010000
54 0.000000 108.110000
55 0.000000 108.350000
56 0.000000 108.670000
57 0.000000 108.820000
58 0.000000 109.200000
59 0.000000 108.990000
60 0.000000 108.750000
61 0.000000 109.220000
62 0.000000 108.480000
63 0.000000 109.200000
64 0.000000 109.480000
65 0.000000 109.130000
66 0.000000 108.980000
67 0.000000 108.960000
68 0.000000 107.680000
69 0.000000 107.680000
70 0.000000 109.300000
71 0.000000 108.910000
72 0.000000 107.980000
73 0.000000 107.980000
74 0.000000 108.170000
75 0.000000 108.170000
76 0.000000 107.840000
77 0.000000 107.840000
78 0.000000 108.110000
79 0.000000 108.110000
80 0.000000 108.340000
81 0.000000 108.340000
82 0.000000 108.690000
83 0.000000 108.690000
84 0.000000 108.830000
85 0.000000 108.830000
86 0.000000 109.260000
87 0.000000 109.260000
88 0.000000 109.410000
89 0.000000 109.410000
90 0.000000 109.240000
91 0.000000 109.240000
92 0.000000 108.500000
93 0.000000 108.500000
94 0.000000 109.560000
95 0.000000 109.560000
96 0.000000 109.230000
97 0.000000 109.230000
98 0.000000 109.390000
99 0.000000 109.390000
100 0.000000 110.220000
101 0.000000 110.220000
102 0.000000 109.490000
103 0.000000 109.490000
104 0.000000 109.080000
105 0.000000 109.080000
106 0.000000 109.080000
107 0.000000 109.080000
108 0.000000 108.990000
109 0.000000 108.990000
110 0.000000 108.940000
111 0.000000 108.940000
112 0.000000 107.980000
113 0.000000 107.980000
114 0.000000 108.170000
115 0.000000 108.170000
116 0.000000 107.840000
117 0.000000 107.840000
118 0.000000 108.110000
119 0.000000 108.110000
120 0.000000 108.340000
121 0.000000 108.340000
122 0.000000 108.690000
123 0.000000 108.690000
124 0.000000 108.830000
125 0.000000 108.830000
126 0.000000 109.260000
127 0.000000 109.260000
128 0.000000 109.410000
129 0.000000 109.410000
130 0.000000 109.230000
131 0.000000 109.230000
132 0.000000 108.940000
133 0.000000 108.940000
134 0.000000 108.500000
135 0.000000 108.500000
136 0.000000 109.560000
137 0.000000 109.560000
138 0.000000 109.230000
139 0.000000 109.230000
140 0.000000 109.390000
141 0.000000 109.390000
142 0.000000 110.210000
143 0.000000 110.210000
144 0.000000 109.480000
145 0.000000 109.480000
146 0.000000 109.080000
147 0.000000 109.080000
148 0.000000 108.990000
149 0.000000 108.990000
150 0.000000 108.020000
151 0.000000 108.020000
152 0.000000 108.000000
153 0.000000 108.000000
154 0.000000 107.880000
155 0.000000 107.880000
156 0.000000 107.800000
157 0.000000 107.800000
158 0.000000 108.800000
159 0.000000 108.800000
160 0.000000 108.880000
161 0.000000 108.880000
162 0.000000 109.440000
163 0.000000 109.440000
164 0.000000 109.520000
165 0.000000 109.520000
166 0.000000 109.250000
167 0.000000 109.250000
168 0.000000 109.230000
169 0.000000 109.230000
170 0.000000 108.970000
171 0.000000 108.970000
172 0.000000 109.080000
173 0.000000 109.080000
174 0.000000 108.770000
175 0.000000 108.770000
176 0.000000 108.790000
177 0.000000 108.790000
178 0.000000 107.750000
179 0.000000 107.750000
180 0.000000 108.810000
181 0.000000 108.810000
182 0.000000 108.890000
183 0.000000 108.890000
184 0.000000 109.340000
185 0.000000 109.340000
186 0.000000 109.410000
187 0.000000 109.410000
188 0.000000 109.460000
189 0.000000 109.460000
190 0.000000 109.130000
191 0.000000 109.130000
192 0.000000 108.700000
193 0.000000 108.700000
194 0.000000 109.420000
195 0.000000 109.420000
196 0.000000 107.680000
197 0.000000 107.680000
198 0.000000 108.370000
199 0.000000 108.370000
200 0.000000 107.690000
201 0.000000 107.690000
202 0.000000 107.600000
203 0.000000 107.600000
204 0.000000 108.780000
205 0.000000 108.780000
206 0.000000 109.080000
207 0.000000 109.080000
208 0.000000 109.080000
209 0.000000 109.080000
210 0.000000 99.280000
211 0.000000 98.390000
212 0.000000 98.290000
213 0.000000 98.360000
214 0.000000 97.890000
215 0.000000 99.580000
216 0.000000 90.780000
217 0.000000 96.330000
218 0.000000 94.730000
219 0.000000 97.510000
220 0.000000 97.240000
221 0.000000 100.090000
222 0.000000 96.000000
223 0.000000 96.580000
224 0.000000 96.560000
225 0.000000 96.880000
226 0.000000 97.170000
227 0.000000 96.980000
228 0.000000 96.630000
229 0.000000 98.560000
230 0.000000 109.240000
231 0.000000 108.940000
232 0.000000 108.500000
233 0.000000 109.560000
234 0.000000 109.230000
235 0.000000 107.980000
236 0.000000 108.170000
237 0.000000 108.340000
238 0.000000 108.680000
239 0.000000 108.830000
240 0.000000 109.260000
241 0.000000 109.410000
242 0.000000 108.990000
243 0.000000 109.490000
244 0.000000 109.390000
245 0.000000 108.110000
246 0.000000 107.840000
247 0.000000 110.220000
248 0.000000 109.080000
249 0.000000 109.080000
250 0.000000 109.080000
251 355.740000 107.420000
252 -1.000000 99.280000
253 -1.000000 98.390000
254 -1.000000 98.290000
255 -1.000000 98.360000
256 -1.000000 97.890000
257 -1.000000 99.580000
258 -1.000000 90.780000
259 -1.000000 96.330000
260 -1.000000 94.730000
261 -1.000000 97.510000
262 -1.000000 97.240000
263 -1.000000 100.090000
264 -1.000000 96.000000
265 -1.000000 96.580000
266 -1.000000 96.560000
267 -1.000000 96.880000
268 -1.000000 97.170000
269 -1.000000 96.980000
270 -1.000000 96.630000
271 -1.000000 98.560000
272 0.000000 107.420000
