1 1 2 16.126171 700.000000 1.000000 0
2 3 39 0.599923 700.000000 1.000000 0
3 4 3 16.125921 700.000000 1.000000 0
4 6 14 32.540424 350.000000 1.000000 0
5 6 165 8.346808 150.000000 1.000000 0
6 7 15 165.745163 250.000000 1.000000 0
7 9 29 106.828041 250.000000 1.000000 0
8 9 52 4.650108 300.000000 1.000000 0
9 11 5 202.212021 250.000000 1.000000 0
10 11 55 0.999891 350.000000 1.000000 0
11 12 57 0.900086 350.000000 1.000000 0
12 16 161 21.984690 400.000000 1.000000 0
13 18 60 136.671494 450.000000 1.000000 0
14 20 63 1.000010 450.000000 1.000000 0
15 23 27 32.011940 600.000000 1.000000 0
16 24 178 43.539219 500.000000 1.000000 0
17 25 68 0.444794 600.000000 1.000000 0
18 27 71 0.903023 500.000000 1.000000 0
19 28 8 105.702240 200.000000 1.000000 0
20 29 51 0.599929 250.000000 1.000000 0
21 30 52 0.599885 300.000000 1.000000 0
22 31 30 77.329102 300.000000 1.000000 0
23 32 10 17.544792 300.000000 1.000000 0
24 33 205 201.137970 400.000000 1.000000 0
25 34 4 0.600106 700.000000 1.000000 0
26 34 177 0.550092 700.000000 1.000000 0
27 35 1 0.599918 700.000000 1.000000 0
28 35 175 0.550093 700.000000 1.000000 0
29 36 2 0.599916 700.000000 1.000000 0
30 37 12 188.730377 200.000000 1.000000 0
31 37 126 3.344833 200.000000 1.000000 0
32 38 22 113.283272 200.000000 1.000000 0
33 40 250 17.625671 700.000000 1.000000 0
34 41 172 94.649696 700.000000 1.000000 0
35 41 250 19.290340 700.000000 1.000000 0
36 42 272 18.794044 500.000000 1.000000 0
37 43 272 18.335171 450.000000 1.000000 0
38 44 200 4.228006 450.000000 1.000000 0
39 44 272 17.214481 450.000000 1.000000 0
40 45 202 5.201660 400.000000 1.000000 0
41 45 272 17.249899 400.000000 1.000000 0
42 47 23 1.228616 700.000000 1.000000 0
43 47 24 1.406071 700.000000 1.000000 0
44 48 67 132.706223 450.000000 1.000000 0
45 48 194 1.156520 450.000000 1.000000 0
46 49 70 11.062175 500.000000 1.000000 0
47 50 182 1.056899 500.000000 1.000000 0
48 50 187 7.626889 500.000000 1.000000 0
49 51 8 3.749062 250.000000 1.000000 0
50 53 151 1.436782 300.000000 1.000000 0
51 53 152 1.369065 300.000000 1.000000 0
52 53 154 22.839172 400.000000 1.000000 0
53 54 10 1.585510 350.000000 1.000000 0
54 55 54 105.693672 350.000000 1.000000 0
55 56 13 5.703974 700.000000 1.000000 0
56 56 199 21.387651 700.000000 1.000000 0
57 56 204 6.966879 400.000000 1.000000 0
58 57 13 0.700102 350.000000 1.000000 0
59 58 14 0.900056 400.000000 1.000000 0
60 58 59 161.819031 400.000000 1.000000 0
61 59 160 25.126724 400.000000 1.000000 0
62 60 16 1.000047 450.000000 1.000000 0
63 61 17 0.900078 250.000000 1.000000 0
64 61 158 196.859100 250.000000 1.000000 0
65 62 18 0.899981 500.000000 1.000000 0
66 63 65 48.225285 450.000000 1.000000 0
67 64 21 202.881302 350.000000 1.000000 0
68 64 169 77.512291 350.000000 1.000000 0
69 65 67 96.978836 450.000000 1.000000 0
70 66 22 1.000036 250.000000 1.000000 0
71 66 171 18.300716 250.000000 1.000000 0
72 68 26 0.444605 600.000000 1.000000 0
73 69 26 0.988701 700.000000 1.000000 0
74 71 50 15.999852 500.000000 1.000000 0
75 71 185 7.263489 450.000000 1.000000 0
76 72 113 0.399835 200.000000 1.000000 0
77 74 115 0.400031 200.000000 1.000000 0
78 76 117 0.399953 200.000000 1.000000 0
79 78 119 0.399988 200.000000 1.000000 0
80 80 121 0.400069 200.000000 1.000000 0
81 83 122 0.400053 200.000000 1.000000 0
82 84 125 0.399809 150.000000 1.000000 0
83 86 127 0.400030 200.000000 1.000000 0
84 88 129 0.400037 200.000000 1.000000 0
85 91 130 0.399943 200.000000 1.000000 0
86 93 134 0.399943 200.000000 1.000000 0
87 95 136 0.399835 200.000000 1.000000 0
88 97 138 0.399838 200.000000 1.000000 0
89 99 140 0.400069 200.000000 1.000000 0
90 100 143 0.400039 200.000000 1.000000 0
91 102 145 0.399950 200.000000 1.000000 0
92 105 146 0.400108 200.000000 1.000000 0
93 106 207 0.400003 200.000000 1.000000 0
94 108 149 0.399946 200.000000 1.000000 0
95 111 132 0.400054 200.000000 1.000000 0
96 112 28 3.469063 200.000000 1.000000 0
97 114 51 1.651398 200.000000 1.000000 0
98 116 52 2.469101 200.000000 1.000000 0
99 118 54 3.289352 200.000000 1.000000 0
100 120 55 3.270753 200.000000 1.000000 0
101 123 5 3.883636 200.000000 1.000000 0
102 124 57 2.609900 150.000000 1.000000 0
103 128 15 3.958769 200.000000 1.000000 0
104 131 58 10.815863 200.000000 1.000000 0
105 133 59 6.658901 200.000000 1.000000 0
106 135 62 6.469362 200.000000 1.000000 0
107 137 17 121.217789 200.000000 1.000000 0
108 139 61 3.814433 200.000000 1.000000 0
109 141 19 24.570580 200.000000 1.000000 0
110 142 21 3.891373 200.000000 1.000000 0
111 144 64 2.165862 200.000000 1.000000 0
112 147 65 18.210369 200.000000 1.000000 0
113 148 66 6.298104 200.000000 1.000000 0
114 150 32 1.500131 300.000000 1.000000 0
115 153 31 1.500024 300.000000 1.000000 0
116 155 156 16.874023 400.000000 1.000000 0
117 157 33 5.200133 400.000000 1.000000 0
118 159 60 10.095444 250.000000 1.000000 0
119 163 7 12.690619 150.000000 1.000000 0
120 164 162 13.219376 150.000000 1.000000 0
121 166 19 183.228531 350.000000 1.000000 0
122 167 20 27.620541 350.000000 1.000000 0
123 168 63 9.075832 350.000000 1.000000 0
124 170 67 5.020218 250.000000 1.000000 0
125 173 36 0.550032 700.000000 1.000000 0
126 174 46 29.426285 700.000000 1.000000 0
127 176 47 18.339537 700.000000 1.000000 0
128 179 68 1.863934 500.000000 1.000000 0
129 180 71 1.236375 450.000000 1.000000 0
130 181 43 6.605154 450.000000 1.000000 0
131 183 42 6.784622 500.000000 1.000000 0
132 184 48 30.673725 450.000000 1.000000 0
133 186 49 13.463987 500.000000 1.000000 0
134 189 49 1.175639 500.000000 1.000000 0
135 191 188 12.300057 500.000000 1.000000 0
136 192 62 135.288742 500.000000 1.000000 0
137 193 190 18.312679 500.000000 1.000000 0
138 195 70 15.926089 450.000000 1.000000 0
139 196 69 0.754324 700.000000 1.000000 0
140 198 197 14.184516 700.000000 1.000000 0
141 201 25 1.164426 450.000000 1.000000 0
142 203 69 2.399679 400.000000 1.000000 0
143 206 38 3.010273 200.000000 1.000000 0
144 208 40 98.283852 700.000000 1.000000 0
145 209 39 0.550086 700.000000 1.000000 0
146 210 248 33.000000 150.000000 1.000000 0
147 211 244 30.000000 150.000000 1.000000 0
148 212 247 30.000000 150.000000 1.000000 0
149 213 234 33.000000 150.000000 1.000000 0
150 214 230 27.000000 150.000000 1.000000 0
151 215 241 30.000000 150.000000 1.000000 0
152 216 231 30.000000 150.000000 1.000000 0
153 217 232 33.000000 150.000000 1.000000 0
154 218 239 43.000000 150.000000 1.000000 0
155 219 240 33.000000 150.000000 1.000000 0
156 220 242 33.000000 150.000000 1.000000 0
157 221 243 33.000000 150.000000 1.000000 0
158 222 237 36.000000 150.000000 1.000000 0
159 223 245 33.000000 150.000000 1.000000 0
160 224 246 33.000000 150.000000 1.000000 0
161 225 249 33.000000 150.000000 1.000000 0
162 226 236 30.000000 150.000000 1.000000 0
163 227 235 33.000000 150.000000 1.000000 0
164 228 238 50.000000 150.000000 1.000000 0
165 229 233 30.000000 150.000000 1.000000 0
166 272 46 11.860929 700.000000 1.000000 0
167 272 251 1.000000 1000.000000 1.000000 0
168 230 90 0.499947 200.000000 1.000000 0
169 231 110 0.499984 200.000000 1.000000 0
170 232 92 0.499947 200.000000 1.000000 0
171 233 94 0.500071 200.000000 1.000000 0
172 234 96 0.500067 200.000000 1.000000 0
173 235 73 0.500161 200.000000 1.000000 0
174 236 75 0.500151 200.000000 1.000000 0
175 237 81 0.499999 200.000000 1.000000 0
176 238 82 0.499792 200.000000 1.000000 0
177 239 85 0.500034 150.000000 1.000000 0
178 240 87 0.500007 200.000000 1.000000 0
179 241 89 0.500126 200.000000 1.000000 0
180 242 109 0.500053 200.000000 1.000000 0
181 243 103 0.499831 200.000000 1.000000 0
182 244 98 0.499970 200.000000 1.000000 0
183 245 79 0.499915 200.000000 1.000000 0
184 246 77 0.500066 200.000000 1.000000 0
185 247 101 0.500000 200.000000 1.000000 0
186 248 104 0.500086 200.000000 1.000000 0
187 249 107 0.499863 200.000000 1.000000 0
188 73 72 0.100000 200.000000 1.000000 0
189 75 74 0.100000 200.000000 1.000000 0
190 77 76 0.100000 200.000000 1.000000 0
191 79 78 0.100000 200.000000 1.000000 0
192 81 80 0.100000 200.000000 1.000000 0
193 82 83 0.100000 200.000000 1.000000 0
194 85 84 0.100000 150.000000 1.000000 0
195 87 86 0.100000 200.000000 1.000000 0
196 89 88 0.100000 200.000000 1.000000 0
197 90 91 0.100000 200.000000 1.000000 0
198 92 93 0.100000 200.000000 1.000000 0
199 94 95 0.100000 200.000000 1.000000 0
200 96 97 0.100000 200.000000 1.000000 0
201 98 99 0.100000 200.000000 1.000000 0
202 101 100 0.100000 200.000000 1.000000 0
203 103 102 0.100000 200.000000 1.000000 0
204 104 105 0.100000 200.000000 1.000000 0
205 107 106 0.100000 200.000000 1.000000 0
206 109 108 0.100000 200.000000 1.000000 0
207 110 111 0.100000 200.000000 1.000000 0
208 252 210 0.100000 250.000000 1.500000 1
209 253 211 0.100000 250.000000 1.500000 1
210 254 212 0.100000 250.000000 1.500000 1
211 255 213 0.100000 250.000000 1.500000 1
212 256 214 0.100000 250.000000 1.500000 1
213 257 215 0.100000 250.000000 1.500000 1
214 258 216 0.100000 250.000000 1.500000 1
215 259 217 0.100000 250.000000 1.500000 1
216 260 218 0.100000 250.000000 1.500000 1
217 261 219 0.100000 250.000000 1.500000 1
218 262 220 0.100000 250.000000 1.500000 1
219 263 221 0.100000 250.000000 1.500000 1
220 264 222 0.100000 250.000000 1.500000 1
221 265 223 0.100000 250.000000 1.500000 1
222 266 224 0.100000 250.000000 1.500000 1
223 267 225 0.100000 250.000000 1.500000 1
224 268 226 0.100000 250.000000 1.500000 1
225 269 227 0.100000 250.000000 1.500000 1
226 270 228 0.100000 250.000000 1.500000 1
227 271 229 0.100000 250.000000 1.500000 1
228 112 113 0.100000 200.000000 1.500000 2
229 114 115 0.100000 200.000000 1.500000 2
230 116 117 0.100000 200.000000 1.500000 2
231 118 119 0.100000 200.000000 1.500000 2
232 120 121 0.100000 200.000000 1.500000 2
233 122 123 0.100000 200.000000 1.500000 2
234 124 125 0.100000 150.000000 1.500000 2
235 126 127 0.100000 200.000000 1.500000 2
236 128 129 0.100000 200.000000 1.500000 2
237 130 131 0.100000 200.000000 1.500000 2
238 132 133 0.100000 200.000000 1.500000 2
239 134 135 0.100000 200.000000 1.500000 2
240 136 137 0.100000 200.000000 1.500000 2
241 138 139 0.100000 200.000000 1.500000 2
242 140 141 0.100000 200.000000 1.500000 2
243 142 143 0.100000 200.000000 1.500000 2
244 144 145 0.100000 200.000000 1.500000 2
245 146 147 0.100000 200.000000 1.500000 2
246 148 149 0.100000 200.000000 1.500000 2
247 150 151 0.100000 300.000000 1.500000 2
248 152 153 0.100000 300.000000 1.500000 2
249 154 155 0.100000 400.000000 1.500000 2
250 156 157 0.100000 400.000000 1.500000 2
251 158 159 0.100000 250.000000 1.500000 2
252 160 161 0.100000 400.000000 1.500000 2
253 162 163 0.100000 150.000000 1.500000 2
254 164 165 0.100000 150.000000 1.500000 2
255 166 167 0.100000 350.000000 1.500000 2
256 168 169 0.100000 350.000000 1.500000 2
257 170 171 0.100000 250.000000 1.500000 2
258 172 173 0.100000 700.000000 1.500000 2
259 174 175 0.100000 700.000000 1.500000 2
260 176 177 0.100000 700.000000 1.500000 2
261 178 179 0.100000 500.000000 1.500000 2
262 180 181 0.100000 450.000000 1.500000 2
263 182 183 0.100000 500.000000 1.500000 2
264 184 185 0.100000 450.000000 1.500000 2
265 186 187 0.100000 500.000000 1.500000 2
266 188 189 0.100000 500.000000 1.500000 2
267 190 191 0.100000 500.000000 1.500000 2
268 192 193 0.100000 500.000000 1.500000 2
269 194 195 0.100000 450.000000 1.500000 2
270 196 197 0.100000 700.000000 1.500000 2
271 198 199 0.100000 700.000000 1.500000 2
272 200 201 0.100000 450.000000 1.500000 2
273 202 203 0.100000 400.000000 1.500000 2
274 204 205 0.100000 400.000000 1.500000 2
275 206 207 0.100000 200.000000 1.500000 2
276 208 209 0.100000 700.000000 1.500000 2
