1 7856 7342 0.130000 66.666687
1 7856 7342 6.104000 65.976982
1 7856 7342 12.078000 63.965446
1 7856 7342 18.052000 60.632095
1 7856 7342 24.025999 55.976944
1 7856 7342 30.000000 50.000000
1 7856 7342 35.986000 42.685276
1 7856 7342 41.972000 34.043461
1 7856 7342 47.958000 24.074549
1 7856 7342 53.944000 12.778548
1 7856 7342 59.930000 0.155464
2 7857 7343 0.130000 66.666885
2 7857 7343 10.104000 65.986359
2 7857 7343 20.077999 63.979385
2 7857 7343 30.052000 60.645996
2 7857 7343 40.026001 55.986198
2 7857 7343 50.000000 50.000000
2 7857 7343 59.986000 42.677814
2 7857 7343 69.972000 34.026047
2 7857 7343 79.958000 24.044703
2 7857 7343 89.944000 12.733786
2 7857 7343 99.930000 0.093300
3 7858 7344 0.180000 46.666748
3 7858 7344 10.144000 46.186672
3 7858 7344 20.108000 44.779945
3 7858 7344 30.072001 42.446587
3 7858 7344 40.035999 39.186604
3 7858 7344 50.000000 35.000000
3 7858 7344 59.981998 29.876709
3 7858 7344 69.963997 23.823456
3 7858 7344 79.945999 16.840246
3 7858 7344 89.928001 8.927080
3 7858 7344 99.910004 0.083962
4 7859 7345 0.160000 53.333385
4 7859 7345 8.128000 52.783035
4 7859 7345 16.096001 51.174503
4 7859 7345 24.063999 48.507816
4 7859 7345 32.032001 44.782978
4 7859 7345 40.000000 40.000000
4 7859 7345 47.984001 34.146091
4 7859 7345 55.967999 27.229792
4 7859 7345 63.952000 19.251112
4 7859 7345 71.935997 10.210052
4 7859 7345 79.919998 0.106613
5 7860 7346 0.180000 46.666748
5 7860 7346 10.144000 46.186672
5 7860 7346 20.108000 44.779945
5 7860 7346 30.072001 42.446587
5 7860 7346 40.035999 39.186604
5 7860 7346 50.000000 35.000000
5 7860 7346 59.981998 29.876709
5 7860 7346 69.963997 23.823456
5 7860 7346 79.945999 16.840246
5 7860 7346 89.928001 8.927080
5 7860 7346 99.910004 0.083962
6 7861 7347 0.130000 66.666687
6 7861 7347 6.104000 65.976982
6 7861 7347 12.078000 63.965446
6 7861 7347 18.052000 60.632095
6 7861 7347 24.025999 55.976944
6 7861 7347 30.000000 50.000000
6 7861 7347 35.986000 42.685276
6 7861 7347 41.972000 34.043461
6 7861 7347 47.958000 24.074549
6 7861 7347 53.944000 12.778548
6 7861 7347 59.930000 0.155464
7 7862 7348 0.180000 46.666748
7 7862 7348 10.144000 46.186672
7 7862 7348 20.108000 44.779945
7 7862 7348 30.072001 42.446587
7 7862 7348 40.035999 39.186604
7 7862 7348 50.000000 35.000000
7 7862 7348 59.981998 29.876709
7 7862 7348 69.963997 23.823456
7 7862 7348 79.945999 16.840246
7 7862 7348 89.928001 8.927080
7 7862 7348 99.910004 0.083962
8 7863 7349 0.130000 66.666687
8 7863 7349 6.104000 65.976982
8 7863 7349 12.078000 63.965446
8 7863 7349 18.052000 60.632095
8 7863 7349 24.025999 55.976944
8 7863 7349 30.000000 50.000000
8 7863 7349 35.986000 42.685276
8 7863 7349 41.972000 34.043461
8 7863 7349 47.958000 24.074549
8 7863 7349 53.944000 12.778548
8 7863 7349 59.930000 0.155464
9 7864 7350 0.160000 53.333385
9 7864 7350 8.128000 52.783035
9 7864 7350 16.096001 51.174503
9 7864 7350 24.063999 48.507816
9 7864 7350 32.032001 44.782978
9 7864 7350 40.000000 40.000000
9 7864 7350 47.984001 34.146091
9 7864 7350 55.967999 27.229792
9 7864 7350 63.952000 19.251112
9 7864 7350 71.935997 10.210052
9 7864 7350 79.919998 0.106613
10 7865 7351 0.180000 46.666748
10 7865 7351 10.144000 46.186672
10 7865 7351 20.108000 44.779945
10 7865 7351 30.072001 42.446587
10 7865 7351 40.035999 39.186604
10 7865 7351 50.000000 35.000000
10 7865 7351 59.981998 29.876709
10 7865 7351 69.963997 23.823456
10 7865 7351 79.945999 16.840246
10 7865 7351 89.928001 8.927080
10 7865 7351 99.910004 0.083962
11 7866 7352 0.180000 46.666748
11 7866 7352 10.144000 46.186672
11 7866 7352 20.108000 44.779945
11 7866 7352 30.072001 42.446587
11 7866 7352 40.035999 39.186604
11 7866 7352 50.000000 35.000000
11 7866 7352 59.981998 29.876709
11 7866 7352 69.963997 23.823456
11 7866 7352 79.945999 16.840246
11 7866 7352 89.928001 8.927080
11 7866 7352 99.910004 0.083962
12 7867 7353 0.130000 66.666687
12 7867 7353 6.104000 65.976982
12 7867 7353 12.078000 63.965446
12 7867 7353 18.052000 60.632095
12 7867 7353 24.025999 55.976944
12 7867 7353 30.000000 50.000000
12 7867 7353 35.986000 42.685276
12 7867 7353 41.972000 34.043461
12 7867 7353 47.958000 24.074549
12 7867 7353 53.944000 12.778548
12 7867 7353 59.930000 0.155464
13 7868 7354 0.130000 66.666687
13 7868 7354 6.104000 65.976982
13 7868 7354 12.078000 63.965446
13 7868 7354 18.052000 60.632095
13 7868 7354 24.025999 55.976944
13 7868 7354 30.000000 50.000000
13 7868 7354 35.986000 42.685276
13 7868 7354 41.972000 34.043461
13 7868 7354 47.958000 24.074549
13 7868 7354 53.944000 12.778548
13 7868 7354 59.930000 0.155464
14 7869 7355 0.160000 53.333385
14 7869 7355 8.128000 52.783035
14 7869 7355 16.096001 51.174503
14 7869 7355 24.063999 48.507816
14 7869 7355 32.032001 44.782978
14 7869 7355 40.000000 40.000000
14 7869 7355 47.984001 34.146091
14 7869 7355 55.967999 27.229792
14 7869 7355 63.952000 19.251112
14 7869 7355 71.935997 10.210052
14 7869 7355 79.919998 0.106613
15 7870 7356 0.180000 46.666748
15 7870 7356 10.144000 46.186672
15 7870 7356 20.108000 44.779945
15 7870 7356 30.072001 42.446587
15 7870 7356 40.035999 39.186604
15 7870 7356 50.000000 35.000000
15 7870 7356 59.981998 29.876709
15 7870 7356 69.963997 23.823456
15 7870 7356 79.945999 16.840246
15 7870 7356 89.928001 8.927080
15 7870 7356 99.910004 0.083962
16 7871 7357 0.140000 59.999973
16 7871 7357 6.112000 59.377659
16 7871 7357 12.084000 57.566486
16 7871 7357 18.056000 54.566479
16 7871 7357 24.028000 50.377647
16 7871 7357 30.000000 45.000000
16 7871 7357 35.986000 38.416752
16 7871 7357 41.972000 30.639112
16 7871 7357 47.958000 21.667093
16 7871 7357 53.944000 11.500693
16 7871 7357 59.930000 0.139918
17 7872 7358 0.180000 46.666748
17 7872 7358 10.144000 46.186672
17 7872 7358 20.108000 44.779945
17 7872 7358 30.072001 42.446587
17 7872 7358 40.035999 39.186604
17 7872 7358 50.000000 35.000000
17 7872 7358 59.981998 29.876709
17 7872 7358 69.963997 23.823456
17 7872 7358 79.945999 16.840246
17 7872 7358 89.928001 8.927080
17 7872 7358 99.910004 0.083962
18 7873 7359 0.130000 66.666687
18 7873 7359 6.104000 65.976982
18 7873 7359 12.078000 63.965446
18 7873 7359 18.052000 60.632095
18 7873 7359 24.025999 55.976944
18 7873 7359 30.000000 50.000000
18 7873 7359 35.986000 42.685276
18 7873 7359 41.972000 34.043461
18 7873 7359 47.958000 24.074549
18 7873 7359 53.944000 12.778548
18 7873 7359 59.930000 0.155464
19 7874 7360 0.130000 66.666298
19 7874 7360 4.104000 65.965179
19 7874 7360 8.078000 63.947971
19 7874 7360 12.052000 60.614700
19 7874 7360 16.025999 55.965374
19 7874 7360 20.000000 50.000000
19 7874 7360 23.986000 42.694607
19 7874 7360 27.972000 34.065220
19 7874 7360 31.958000 24.111841
19 7874 7360 35.944000 12.834476
19 7874 7360 39.930000 0.233128
20 7875 7361 0.130000 66.666687
20 7875 7361 6.104000 65.976982
20 7875 7361 12.078000 63.965446
20 7875 7361 18.052000 60.632095
20 7875 7361 24.025999 55.976944
20 7875 7361 30.000000 50.000000
20 7875 7361 35.986000 42.685276
20 7875 7361 41.972000 34.043461
20 7875 7361 47.958000 24.074549
20 7875 7361 53.944000 12.778548
20 7875 7361 59.930000 0.155464
21 7404 7405 0.000000 60.700001
21 7404 7405 70.000000 60.500000
21 7404 7405 175.000000 60.000000
21 7404 7405 220.000000 59.500000
21 7404 7405 260.000000 59.000000
21 7404 7405 305.000000 58.000000
21 7404 7405 361.000000 56.000000
21 7404 7405 395.000000 54.000000
21 7404 7405 420.000000 52.000000
21 7404 7405 443.000000 50.000000
21 7404 7405 465.000000 48.000000
21 7404 7405 488.000000 46.000000
21 7404 7405 570.000000 35.000000
21 7404 7405 630.000000 25.000000
21 7404 7405 675.000000 16.700001
21 7404 7405 745.000000 0.000000
22 7406 7407 0.000000 60.700001
22 7406 7407 80.000000 60.500000
22 7406 7407 185.000000 60.000000
22 7406 7407 230.000000 59.500000
22 7406 7407 270.000000 59.000000
22 7406 7407 315.000000 58.000000
22 7406 7407 370.000000 56.000000
22 7406 7407 406.000000 54.000000
22 7406 7407 430.000000 52.000000
22 7406 7407 454.000000 50.000000
22 7406 7407 475.000000 48.000000
22 7406 7407 496.000000 46.000000
22 7406 7407 580.000000 35.000000
22 7406 7407 640.000000 25.000000
22 7406 7407 685.000000 16.700001
22 7406 7407 755.000000 0.000000
23 7408 7409 0.000000 60.500000
23 7408 7409 130.000000 60.000000
23 7408 7409 185.000000 59.500000
23 7408 7409 225.000000 59.000000
23 7408 7409 270.000000 58.000000
23 7408 7409 340.000000 56.000000
23 7408 7409 380.000000 54.000000
23 7408 7409 410.000000 52.000000
23 7408 7409 435.000000 50.000000
23 7408 7409 457.000000 48.000000
23 7408 7409 480.000000 46.000000
23 7408 7409 565.000000 35.000000
23 7408 7409 625.000000 25.000000
23 7408 7409 665.000000 16.700001
23 7408 7409 730.000000 0.000000
24 7410 7411 0.000000 60.000000
24 7410 7411 97.400002 59.500000
24 7410 7411 184.699997 59.000000
24 7410 7411 247.399994 58.000000
24 7410 7411 325.000000 56.000000
24 7410 7411 358.000000 54.000000
24 7410 7411 393.000000 52.000000
24 7410 7411 418.000000 50.000000
24 7410 7411 445.000000 48.000000
24 7410 7411 467.000000 46.000000
24 7410 7411 550.000000 35.000000
24 7410 7411 610.000000 25.000000
24 7410 7411 650.000000 16.700001
24 7410 7411 721.000000 0.000000
