1 252 210 0.130000 66.666687
1 252 210 6.104000 65.976982
1 252 210 12.078000 63.965446
1 252 210 18.052000 60.632095
1 252 210 24.025999 55.976944
1 252 210 30.000000 50.000000
1 252 210 35.986000 42.685276
1 252 210 41.972000 34.043461
1 252 210 47.958000 24.074549
1 252 210 53.944000 12.778548
1 252 210 59.930000 0.155464
2 253 211 0.130000 66.666885
2 253 211 10.104000 65.986359
2 253 211 20.077999 63.979385
2 253 211 30.052000 60.645996
2 253 211 40.026001 55.986198
2 253 211 50.000000 50.000000
2 253 211 59.986000 42.677814
2 253 211 69.972000 34.026047
2 253 211 79.958000 24.044703
2 253 211 89.944000 12.733786
2 253 211 99.930000 0.093300
3 254 212 0.180000 46.666748
3 254 212 10.144000 46.186672
3 254 212 20.108000 44.779945
3 254 212 30.072001 42.446587
3 254 212 40.035999 39.186604
3 254 212 50.000000 35.000000
3 254 212 59.981998 29.876709
3 254 212 69.963997 23.823456
3 254 212 79.945999 16.840246
3 254 212 89.928001 8.927080
3 254 212 99.910004 0.083962
4 255 213 0.160000 53.333385
4 255 213 8.128000 52.783035
4 255 213 16.096001 51.174503
4 255 213 24.063999 48.507816
4 255 213 32.032001 44.782978
4 255 213 40.000000 40.000000
4 255 213 47.984001 34.146091
4 255 213 55.967999 27.229792
4 255 213 63.952000 19.251112
4 255 213 71.935997 10.210052
4 255 213 79.919998 0.106613
5 256 214 0.180000 46.666748
5 256 214 10.144000 46.186672
5 256 214 20.108000 44.779945
5 256 214 30.072001 42.446587
5 256 214 40.035999 39.186604
5 256 214 50.000000 35.000000
5 256 214 59.981998 29.876709
5 256 214 69.963997 23.823456
5 256 214 79.945999 16.840246
5 256 214 89.928001 8.927080
5 256 214 99.910004 0.083962
6 257 215 0.130000 66.666687
6 257 215 6.104000 65.976982
6 257 215 12.078000 63.965446
6 257 215 18.052000 60.632095
6 257 215 24.025999 55.976944
6 257 215 30.000000 50.000000
6 257 215 35.986000 42.685276
6 257 215 41.972000 34.043461
6 257 215 47.958000 24.074549
6 257 215 53.944000 12.778548
6 257 215 59.930000 0.155464
7 258 216 0.180000 46.666748
7 258 216 10.144000 46.186672
7 258 216 20.108000 44.779945
7 258 216 30.072001 42.446587
7 258 216 40.035999 39.186604
7 258 216 50.000000 35.000000
7 258 216 59.981998 29.876709
7 258 216 69.963997 23.823456
7 258 216 79.945999 16.840246
7 258 216 89.928001 8.927080
7 258 216 99.910004 0.083962
8 259 217 0.130000 66.666687
8 259 217 6.104000 65.976982
8 259 217 12.078000 63.965446
8 259 217 18.052000 60.632095
8 259 217 24.025999 55.976944
8 259 217 30.000000 50.000000
8 259 217 35.986000 42.685276
8 259 217 41.972000 34.043461
8 259 217 47.958000 24.074549
8 259 217 53.944000 12.778548
8 259 217 59.930000 0.155464
9 260 218 0.160000 53.333385
9 260 218 8.128000 52.783035
9 260 218 16.096001 51.174503
9 260 218 24.063999 48.507816
9 260 218 32.032001 44.782978
9 260 218 40.000000 40.000000
9 260 218 47.984001 34.146091
9 260 218 55.967999 27.229792
9 260 218 63.952000 19.251112
9 260 218 71.935997 10.210052
9 260 218 79.919998 0.106613
10 261 219 0.180000 46.666748
10 261 219 10.144000 46.186672
10 261 219 20.108000 44.779945
10 261 219 30.072001 42.446587
10 261 219 40.035999 39.186604
10 261 219 50.000000 35.000000
10 261 219 59.981998 29.876709
10 261 219 69.963997 23.823456
10 261 219 79.945999 16.840246
10 261 219 89.928001 8.927080
10 261 219 99.910004 0.083962
11 262 220 0.180000 46.666748
11 262 220 10.144000 46.186672
11 262 220 20.108000 44.779945
11 262 220 30.072001 42.446587
11 262 220 40.035999 39.186604
11 262 220 50.000000 35.000000
11 262 220 59.981998 29.876709
11 262 220 69.963997 23.823456
11 262 220 79.945999 16.840246
11 262 220 89.928001 8.927080
11 262 220 99.910004 0.083962
12 263 221 0.130000 66.666687
12 263 221 6.104000 65.976982
12 263 221 12.078000 63.965446
12 263 221 18.052000 60.632095
12 263 221 24.025999 55.976944
12 263 221 30.000000 50.000000
12 263 221 35.986000 42.685276
12 263 221 41.972000 34.043461
12 263 221 47.958000 24.074549
12 263 221 53.944000 12.778548
12 263 221 59.930000 0.155464
13 264 222 0.130000 66.666687
13 264 222 6.104000 65.976982
13 264 222 12.078000 63.965446
13 264 222 18.052000 60.632095
13 264 222 24.025999 55.976944
13 264 222 30.000000 50.000000
13 264 222 35.986000 42.685276
13 264 222 41.972000 34.043461
13 264 222 47.958000 24.074549
13 264 222 53.944000 12.778548
13 264 222 59.930000 0.155464
14 265 223 0.160000 53.333385
14 265 223 8.128000 52.783035
14 265 223 16.096001 51.174503
14 265 223 24.063999 48.507816
14 265 223 32.032001 44.782978
14 265 223 40.000000 40.000000
14 265 223 47.984001 34.146091
14 265 223 55.967999 27.229792
14 265 223 63.952000 19.251112
14 265 223 71.935997 10.210052
14 265 223 79.919998 0.106613
15 266 224 0.180000 46.666748
15 266 224 10.144000 46.186672
15 266 224 20.108000 44.779945
15 266 224 30.072001 42.446587
15 266 224 40.035999 39.186604
15 266 224 50.000000 35.000000
15 266 224 59.981998 29.876709
15 266 224 69.963997 23.823456
15 266 224 79.945999 16.840246
15 266 224 89.928001 8.927080
15 266 224 99.910004 0.083962
16 267 225 0.140000 59.999973
16 267 225 6.112000 59.377659
16 267 225 12.084000 57.566486
16 267 225 18.056000 54.566479
16 267 225 24.028000 50.377647
16 267 225 30.000000 45.000000
16 267 225 35.986000 38.416752
16 267 225 41.972000 30.639112
16 267 225 47.958000 21.667093
16 267 225 53.944000 11.500693
16 267 225 59.930000 0.139918
17 268 226 0.180000 46.666748
17 268 226 10.144000 46.186672
17 268 226 20.108000 44.779945
17 268 226 30.072001 42.446587
17 268 226 40.035999 39.186604
17 268 226 50.000000 35.000000
17 268 226 59.981998 29.876709
17 268 226 69.963997 23.823456
17 268 226 79.945999 16.840246
17 268 226 89.928001 8.927080
17 268 226 99.910004 0.083962
18 269 227 0.130000 66.666687
18 269 227 6.104000 65.976982
18 269 227 12.078000 63.965446
18 269 227 18.052000 60.632095
18 269 227 24.025999 55.976944
18 269 227 30.000000 50.000000
18 269 227 35.986000 42.685276
18 269 227 41.972000 34.043461
18 269 227 47.958000 24.074549
18 269 227 53.944000 12.778548
18 269 227 59.930000 0.155464
19 270 228 0.130000 66.666298
19 270 228 4.104000 65.965179
19 270 228 8.078000 63.947971
19 270 228 12.052000 60.614700
19 270 228 16.025999 55.965374
19 270 228 20.000000 50.000000
19 270 228 23.986000 42.694607
19 270 228 27.972000 34.065220
19 270 228 31.958000 24.111841
19 270 228 35.944000 12.834476
19 270 228 39.930000 0.233128
20 271 229 0.130000 66.666687
20 271 229 6.104000 65.976982
20 271 229 12.078000 63.965446
20 271 229 18.052000 60.632095
20 271 229 24.025999 55.976944
20 271 229 30.000000 50.000000
20 271 229 35.986000 42.685276
20 271 229 41.972000 34.043461
20 271 229 47.958000 24.074549
20 271 229 53.944000 12.778548
20 271 229 59.930000 0.155464
